902
3636
6945
8681
11593
15233
16400
22369
22613
22614
23327
23330
23331
23364
23562
23840
23859
24909
24919
25260
25549
25796
25800
25884
26932
26949
27272
27305
27309
27997
28475
28852
29378
29379
29380
29795
29817
30111
30430
30433
30736
30736
31124
31335
33896
33946
34953
35826
35865
35947
39839
40257
40340
40628
41122
41293
42229
45164
46663
46756
48670
49707
50980
51064
51671
51673
51921
53181
54063
54109
54629
54845
55222
56241
57161
57571
58751
58753
58807
58813
58815
58832
58832
58834
58984
58993
59487
59516
59544
59546
59547
59549
59551
59552
59631
59762
59762
60105
60105
60376